16230884
40712361
60083450
97811457
118245790
178804962
187130533
207442309
220584981
279754842
302207219
310040672
311777719
312394492
313692903
332947529
421047262
439214290
449643443
479929273
490944093
494387258
525017507
537625684
539146527
585965012
589795515
604218959
610138948
637573079
654552922
733020118
744265101
751396819
753994791
782028957
804348551
834068396
839426280
846455593
856834115
870128690
870573213
873191707
875137903
877409839
879131284
966245083
984674766
1054413206
1093776688
1132664718
1158854875
1226985352
1258037626
1290543347
1328639450
1356398104
1361111505
1367885266
1380390115
1405554408
1438609718
1461053074
1475318056
1511588122
1530637244
1545357299
1586069660
1600873155
1612358838
1624568005
1668495383
1697251916
1698402220
1709206300
1736071585
1799388853
1823603472
1846873530
1853677820
1854317376
1862272524
1903080374
1920624725
1923750262
1932635384
1960083981
1968914592
1977595047
1980708175
1990378944
2010074558
2028405233
2041077486
2041447909
2042828677
2083630786
2107886015
2135997964