2838760
3229285
7464405
10486952
11268952
14052655
14313126
14650511
15506591
16230884
19238681
20882955
26081114
28445272
38421868
40712361
43443006
46516325
47224177
53499360
55178143
60083450
60845057
61278232
61732389
62384832
63347382
63349529
63356955
63965392
64759652
68055251
72862439
73904638
79170993
88938206
89318099
92633437
94739600
97811457
98151706
102341581
108464995
109345021
115471324
116002448
117175321
118245790
118950566
123793294
124108568
126489401
128239599
130169631
131669555
132625659
134626668
138171789
139037062
140892924
141917513
142569872
143924914
147542664
147837706
151469276
154681363
155326363
160170471
162794851
163344636
168900336
171250322
173162548
175516154
178266161
178488220
178804962
181739062
182822760
184656422
184832365
187130533
189455238
194161792
195351326
196917835
207274141
207442309
208609994
210083307
210580938
212020886
215243940
215526420
216401466
220334659
220584981
221229001
221481970
224408505
226491723
230178568
231408034
231852689
232990722
236054173
238429006
240544379
242517590
246549406
249013939
250037957
251733057
252998468
253810857
256405646
257104197
264095739
266527389
269276785
269839671
270631096
273777388
274495789
274544883
274574678
278410392
279754842
281054130
281473113
283589911
283939871
283950077
292088903
292595160
295586252
299349076
300963089
301275411
302187836
302207219
304715128
305280602
310040672
311777719
312003317
312394492
312781747
313594008
313692903
314140976
314562345
327627027
327646818
329679681
332400995
332947529
334362544
337090553
338931261
347025617
347875348
353866367
354450585
357044124
357656559
361433515
363364127
363698438
370080384
374127081
374434238
376182865
376979405
377770477
379484304
384023852
387303754
388219690
392320000
398995632
407305377
408838248
413667128
413771875
420328502
421047262
422739642
423218534
424203582
424258828
426324950
428388623
429110263
431271824
431274872
434989443
436376082
438516708
438686244
439214290
441118182
442032732
443803727
444415649
445156403
449643443
454331377
459064088
466683880
469514889
476619043
479929273
480035103
481997051
482429478
483140787
485068112
489110162
490944093
494387258
501216204
503325833
506142666
509112521
513029434
516209843
517408892
520501386
521695391
521763280
525017507
526200737
526910410
529708673
529744711
531318140
536703370
537625684
538577310
539146527
539643344
542797344
545657196
546089937
547209939
549319223
550605618
550748229
553198129
559166103
560201965
565309514
567848640
570242136
572900499
573593167
575771200
576085204
576678147
578950401
585965012
589795515
590583705
592799892
593377604
594805019
598678476
598882622
599638945
604218959
606130361
608063145
610138948
616630905
620233914
622177849
624386880
624615321
628658543
631107991
634423314
635756909
637475827
637573079
643706896
645113417
645545711
646521611
648842031
649078447
652101451
653396964
654552922
658266509
659441804
659900171
664607763
664809933
665154976
670106700
671122934
671649030
673256452
675827749
682484836
686704332
688120949
692061894
696746339
700784857
700922923
702987980
703140155
706868004
707829536
709806360
711072288
714170155
715461378
720059774
720325606
722106620
723400594
723671543
724510304
731663110
732095208
733020118
736732943
740886023
742081271
742807537
743014166
743336963
743734412
744265101
746493829
751396819
751493717
752414644
752975587
753994791
754363757
756453945
756707292
763111736
764680500
767832634
770368262
771287825
771977230
779930872
780013483
782028957
782807834
785791131
788799763
790210321
790239605
795546196
797174136
798637820
801285606
804348551
807023332
814576382
827309443
829694490
832008872
832795264
834068396
839220804
839426280
839975992
840457308
846155217
846455593
852785548
853183393
855063079
856834115
859642837
861165055
863794219
865167133
865201447
867069580
868767050
870128690
870372861
870573213
872602603
872912351
873191707
875137903
876213205
876734290
877409839
879131284
880349787
880360112
881313229
882454065
883974718
884412067
891631121
893446198
894806239
896136183
896233659
897264758
899748175
900474793
905683776
908952789
910055832
912189689
914471105
915337913
918439916
920060668
923878840
925251837
926405482
930141020
930416963
932060200
938158863
939524605
941183294
943440513
944047389
952516932
955200627
955694689
957483382
958691617
959584928
960655547
962534934
963669387
966245083
969124698
970541220
975923309
980075978
980504791
984674766
989052169
989783148
991541580
991580669
991928536
993707353
994305331
999352399
1008711285
1009321946
1011053524
1013149338
1013408981
1016480561
1020338880
1020342227
1021794056
1030811639
1038699316
1042543195
1043106595
1043739547
1043802313
1047248543
1054413206
1055831188
1056883724
1058952784
1060748264
1063665622
1063912128
1066786799
1067234827
1068402666
1069794235
1071291491
1075990947
1078806176
1078807591
1081143603
1083595238
1084395996
1086549601
1088861729
1091417661
1091888209
1093776688
1094961454
1095659306
1104316154
1104821142
1106482783
1108374127
1114318818
1115134913
1115650148
1116981461
1117927111
1118897479
1119526629
1119565471
1119566897
1124105219
1128519188
1132136548
1132664718
1135930375
1139887200
1140292554
1143046554
1145242292
1146228155
1148617096
1155940392
1156001082
1157248607
1158854875
1167091483
1167566690
1167809173
1171324975
1172077513
1172371843
1177547861
1183497672
1184016905
1185244459
1185644358
1186241980
1191501902
1193349301
1195591018
1200660896
1201797980
1202403695
1204907724
1206626540
1206812331
1209102928
1220231738
1220761204
1223257549
1225163651
1226985352
1229343514
1233415918
1234837337
1237102009
1237154529
1237962532
1238726567
1239447328
1241349999
1245092493
1245455228
1250226469
1253929191
1255788706
1256581146
1258037626
1258070645
1259820701
1264502928
1264742154
1270121132
1270992387
1274460454
1275208837
1280689875
1283197200
1289095553
1289682805
1290543347
1294479303
1296047263
1296804628
1297778658
1301036884
1303379926
1305767761
1306292517
1306383299
1306774231
1307900080
1311867170
1318313536
1319771060
1321067042
1321614291
1321823221
1321840487
1324597584
1328639450
1328902310
1332219746
1338572013
1339164675
1344401026
1345168147
1347662968
1351180361
1354404049
1355430647
1356398104
1356879286
1357925730
1361111505
1362697545
1362746048
1363916412
1367885266
1376087567
1376590708
1379181491
1379724401
1380390115
1380823310
1382380912
1384761557
1388755206
1390729419
1391956957
1394736315
1396121540
1398240760
1398440574
1398497571
1398667507
1405554408
1406739173
1408218069
1408553580
1410106571
1414356826
1417778495
1419148332
1424090124
1424322294
1424803360
1426999052
1428304619
1433050087
1435497816
1438123002
1438609718
1443840622
1443997150
1444860337
1448256483
1450571100
1452289655
1456467155
1456937666
1461053074
1469087273
1473295506
1475318056
1477257636
1478483722
1479038588
1479406145
1485782856
1486166241
1486985944
1488764524
1490331881
1491415699
1495118063
1495146389
1495392250
1495499662
1496499652
1496765845
1497532545
1505497019
1511588122
1514702701
1519082101
1521519046
1522041255
1523270060
1523894984
1527587398
1528019050
1528582333
1530637244
1531215452
1531321727
1538455997
1539566128
1541882742
1542716498
1544485110
1545357299
1546409785
1549332235
1549862737
1550951336
1552110534
1557964564
1561062736
1561069309
1564639953
1565101109
1567790444
1576901576
1579503267
1581189615
1582161377
1583954023
1584984459
1586069660
1586143719
1586362959
1587823219
1588324917
1589033816
1590897732
1597841243
1600873155
1603246326
1610606650
1610875562
1612349402
1612358838
1614201581
1614311409
1615528812
1615663080
1617395481
1624568005
1626680521
1626800799
1628778722
1630591744
1635550141
1637242428
1654273914
1656375441
1660373596
1661340541
1661477097
1662196348
1666089645
1668149953
1668495383
1676323981
1679071061
1680373510
1681303087
1687178985
1687403834
1690868713
1695893817
1697251916
1698402220
1699727778
1706548991
1706557466
1708260568
1708854634
1709206300
1709365119
1709400656
1710072494
1710670824
1710937588
1711027095
1712649895
1712769206
1714166873
1720123587
1722911373
1723360856
1726676631
1728120255
1728445745
1734651750
1736071585
1738928913
1739492960
1741695795
1743952351
1743996888
1747760757
1748323393
1758948648
1759540265
1763027041
1765451082
1767053499
1767401181
1770117012
1776572180
1783707413
1784515652
1784884286
1787494298
1787609274
1789279418
1789329814
1790059800
1791757991
1792707998
1793000154
1795465915
1799388853
1801016395
1803465114
1806795157
1808245832
1809829461
1810263948
1814169488
1815223520
1815927965
1823603472
1825109959
1828990180
1832126397
1832574364
1833259371
1834295046
1834374941
1835088956
1836500167
1840263620
1841919327
1842728251
1844164993
1845333287
1846475099
1846873530
1847461745
1848081454
1851652100
1853633962
1853677820
1854317376
1858633848
1859641954
1860646362
1861438711
1862272524
1866727937
1869198111
1869779160
1870928984
1876030658
1882469636
1884172360
1885073926
1886551935
1889473190
1889503119
1891795285
1894314419
1895413891
1895663632
1895727503
1897385491
1898095000
1903080374
1903559756
1905222782
1905622135
1905832279
1908550750
1909359687
1910937239
1912036002
1917599354
1919970698
1920486349
1920624725
1921853019
1923371894
1923750262
1926130482
1927310288
1927515463
1928831742
1932635384
1933642055
1935955551
1936192924
1936805110
1945033915
1949935296
1952482280
1954380245
1958986106
1959261149
1960083981
1960479832
1960930380
1962183027
1965515002
1968725640
1968914592
1971317635
1971810377
1973381828
1975795682
1977150330
1977595047
1977617362
1979718513
1980708175
1981598860
1982120266
1985919783
1988463334
1990378944
1993563432
1996017763
1998812291
2003868777
2004152341
2008699352
2010074558
2010167400
2010402547
2014208206
2017699899
2022259936
2023314360
2026113974
2027746616
2028405233
2028963585
2030149762
2030633908
2032095621
2032431657
2033751208
2033808910
2037908115
2041077486
2041447909
2042828677
2045033340
2045282838
2045637664
2046404365
2050294059
2050767961
2051398761
2051915317
2051997256
2059001373
2059110405
2064810901
2065894811
2068606841
2069141818
2069230993
2070411497
2071116277
2075455330
2079048503
2083630786
2088769855
2090025499
2097191309
2099165059
2104337497
2105365575
2105472203
2107886015
2108162151
2109309777
2112785333
2114572597
2115141684
2117451796
2119844088
2126220799
2127921975
2135107075
2135992376
2135997964
2139082770
2139538255
2140056905
2140639991
2144305891
2144938480
2144978749
2147443379
